10118 10 10 2 1.0 99 82.05698 0.07930903 9 Cosine 256 Hyperplane Hyperplane 55 0.05178923826262626 1709 16.89608
10118 10 10 3 1.0 99 84.50715 0.031974427 10 Cosine 256 Hyperplane Hyperplane 55 0.06144776177777776 2066 20.423647
10118 10 10 4 1.0 99 86.006836 0.02419815 10 Cosine 256 Hyperplane Hyperplane 55 0.06842231956565657 3141 31.05207
10118 11 10 2 1.0 99 81.13863 0.04489038 10 Cosine 256 Hyperplane Hyperplane 66 0.043001450343434354 1301 12.8608675
10118 11 10 3 1.0 99 81.95796 0.04655566 10 Cosine 256 Hyperplane Hyperplane 66 0.03607072849494949 1527 15.095909
10118 11 10 4 1.0 99 84.64061 0.033886608 10 Cosine 256 Hyperplane Hyperplane 66 0.04006567120202021 2065 20.414062
50265 10 10 2 1.0 504 82.74842 0.0423972 10 Cosine 256 Hyperplane Hyperplane 55 0.14940302213690462 6888 13.704343
50265 10 10 3 1.0 504 85.38236 0.030779667 10 Cosine 256 Hyperplane Hyperplane 55 0.17457265155753973 11707 23.291685
50265 10 10 4 1.0 504 86.99301 0.022068754 10 Cosine 256 Hyperplane Hyperplane 55 0.220386595906746 16913 33.649464
50265 11 10 2 1.0 504 81.28168 0.045198113 10 Cosine 256 Hyperplane Hyperplane 66 0.09171489351785715 4303 8.56212
50265 11 10 3 1.0 504 84.59572 0.031090125 10 Cosine 256 Hyperplane Hyperplane 66 0.13970447946825393 7923 15.763481
50265 11 10 4 1.0 504 85.667885 0.027709289 10 Cosine 256 Hyperplane Hyperplane 66 0.12184596035317465 10282 20.457039
100784 10 10 2 1.0 997 83.75932 0.04037304 10 Cosine 256 Hyperplane Hyperplane 55 0.28645012177933815 15168 15.050988
100784 10 10 3 1.0 997 85.962715 0.02805978 10 Cosine 256 Hyperplane Hyperplane 55 0.3011025189157476 21342 21.176163
100784 10 10 4 1.0 997 87.1332 0.021385515 10 Cosine 256 Hyperplane Hyperplane 55 0.3201525956248747 30049 29.81531
100784 11 10 2 1.0 997 82.57797 0.044718914 10 Cosine 256 Hyperplane Hyperplane 66 0.1687642497412237 9263 9.191307
100784 11 10 3 1.0 997 84.48085 0.035263922 10 Cosine 256 Hyperplane Hyperplane 66 0.20943046195687057 14256 14.145541
100784 11 10 4 1.0 997 85.81239 0.027875273 10 Cosine 256 Hyperplane Hyperplane 66 0.1863382979197591 17215 17.081861
100784 14 10 2 1.0 997 76.44142 0.06398984 10 Cosine 256 Hyperplane Hyperplane 105 0.04104973077331998 2109 2.0928369
100784 14 10 3 1.0 997 79.01693 0.0519601 10 Cosine 256 Hyperplane Hyperplane 105 0.04999360213941828 3304 3.2788076
100784 14 10 4 1.0 997 81.80715 0.044263758 10 Cosine 256 Hyperplane Hyperplane 105 0.06453324035506515 5025 4.985936
100784 15 10 2 1.0 997 73.143295 0.071125 9 Cosine 256 Hyperplane Hyperplane 120 0.022687762858575697 1132 1.1241745
100784 15 10 3 1.0 997 77.26148 0.05565508 10 Cosine 256 Hyperplane Hyperplane 120 0.035928281833500456 2172 2.1551368
100784 15 10 4 1.0 997 79.59607 0.05057418 10 Cosine 256 Hyperplane Hyperplane 120 0.038037719083249676 2786 2.7643535
504343 14 10 2 1.0 5111 79.53022 0.05645712 10 Cosine 256 Hyperplane Hyperplane 105 0.2637189460150649 13677 2.7118766
504343 14 10 3 1.0 5111 81.12079 0.04741451 10 Cosine 256 Hyperplane Hyperplane 105 0.24366273364586277 16457 3.2630584
504343 14 10 4 1.0 5111 83.645065 0.03905058 10 Cosine 256 Hyperplane Hyperplane 105 0.3390784940111526 26527 5.259867
504343 15 10 2 1.0 5111 76.54411 0.06503604 10 Cosine 256 Hyperplane Hyperplane 120 0.13635796889375842 6746 1.337582
504343 15 10 3 1.0 5111 80.15863 0.05188234 10 Cosine 256 Hyperplane Hyperplane 120 0.19363156571571158 12513 2.4811637
504343 15 10 4 1.0 5111 80.856606 0.04745512 10 Cosine 256 Hyperplane Hyperplane 120 0.14498089622911392 11983 2.3761454